503
519
434
444
103
128
508
410
392
214
146
407
14
274
197
247
78
63
312
151
168
266
131
147
96
309
401
507
297
291
265
348
430
406
272
163
494
206
397
6
466
388
246
411
440
81
456
473
149
435
352
436
488
241
11
2
299
171
289
363
320
325
94
332
483
502
141
337
371
480
107
264
355
429
238
104
180
378
38
385
0
384
290
441
85
341
73
204
100
303
159
116
472
517
120
240
336
408
257
510
130
414
327
198
447
386
173
34
254
192
372
108
88
415
53
118
464
72
487
437
353
478
421
184
205
37
330
287
143
424
495
179
283
29
387
59
236
409
155
125
250
28
60
295
251
165
313
419
400
20
318
328
183
368
150
450
195
433
127
497
213
452
376
518
24
243
62
381
417
465
431
27
361
268
224
235
442
202
522
217
305
259
281
98
43
404
315
389
36
278
339
260
101
261
509
329
229
90
449
453
160
443
61
110
52
16
222
439
9
244
245
23
316
285
84
514
56
13
54
294
111
395
169
292
55
454
267
75
462
248
477
95
365
231
126
140
156
114
471
520
345
129
334
47
82
383
338
80
31
484
3
216
500
124
219
396
113
211
144
479
233
186
482
374
79
422
455
74
342
177
333
445
221
402
182
521
193
490
506
105
210
451
40
412
17
428
178
188
230
491
1
379
10
200
57
284
12
102
382
189
142
26
93
153
212
505
97
181
331
493
405
354
51
362
286
252
468
8
86
58
115
21
459
30
364
344
467
77
220
515
176
346
138
306
504
239
19
218
485
356
25
438
390
157
207
172
208
196
393
322
270
432
15
185
209
253
463
136
301
117
65
134
375
228
46
154
256
158
448
425
373
227
237
45
475
190
523
271
524
302
357
280
71
296
66
70
132
498
223
201
516
308
350
99
83
242
22
133
89
323
121
106
391
511
321
50
232
152
469
359
300
496
481
423
123
420
458
461
311
194
33
39
343
398
122
403
76
167
489
476
304
91
139
145
282
277
48
255
273
358
492
275
427
319
258
64
269
148
367
369
293
225
418
49
164
32
513
203
67
307
446
501
174
326
262
324
109
340
276
162
112
263
360
35
175
474
119
512
470
347
486
310
4
137
416
366
69
234
135
426
226
413
166
199
349
92
279
394
377
187
5
191
42
87
351
314
18
457
170
68
249
215
499
41
298
370
460
161
